1 0.34722 0.33333 0.30556 0.29167 0.29167 0.25 0.23611 0.20833 0.19444 0.20833 0.19444 0.18056 0.15278
2 0.40278 0.38889 0.40278 0.41667 0.43056 0.51389 0.52778 0.54167 0.55556 0.58333 0.61111 0.625 
3 0.23611 0.20833 0.20833 0.22222 0.23611 0.26389 0.25 0.22222 0.20833 0.19444 0.16667 0.15278
4 -0.40278 -0.41667 -0.43056 -0.44444 -0.45833 -0.44444 -0.43056 -0.41667 -0.41667 -0.40278
5 0.22222 0.22222 0.18056 0.18056 0.16667 0.16667 0.15278 0.13889 0.15278 0.13889 0.15278
6 0.18056 0.16667 0.13889 0.083333 0.013889 -0.027778 0 0.041667 0.041667 -0.013889 -0.055556
7 0.45833 0.65278 0.77778 0.84722 0.90278 0.93056 0.88889 0.77778 0.63889 0.70833 0.65278 0.55556
8 0.22222 0.19444 0.16667 0.13889 0.097222 0.083333 0.069444 0.027778 -0.041667 -0.18056
9 0.15278 0.18056 0.22222 0.25 0.25 0.25 0.26389 0.27778 0.29167 0.30556 0.31944 0.34722 0.375
10 0.54167 0.625 0.65278 0.77778 0.79167 0.79167 0.80556 0.83333 0.84722 0.83333 0.81944 0.76389
11 0.055556 0.069444 0.069444 0.055556 0.041667 -0.013889 -0.083333 -0.19444 -0.27778
12 0.45833 0.44444 0.43056 0.47222 0.51389 0.59722 0.65278 0.72222 0.75 0.76389 0.76389
