1 0.34722 0.33333 0.30556 0.29167 0.29167 0.25 0.23611 0.20833 0.19444 0.20833 0.19444 0.18056 0.15278
1 0.30556 0.29167 0.29167 0.26389 0.29167 0.26389 0.22222 0.20833 0.18056 0.15278 0.18056 0.18056
1 0.26389 0.25 0.23611 0.23611 0.20833 0.19444 0.18056 0.15278 0.125 0.13889 0.125 0.097222 0.069444
2 0.40278 0.38889 0.40278 0.41667 0.43056 0.51389 0.52778 0.54167 0.55556 0.58333 0.61111 0.625 
2 0.45833 0.45833 0.47222 0.48611 0.52778 0.55556 0.61111 0.63889 0.68056 0.70833 0.70833 0.72222
2 0.45833 0.44444 0.48611 0.52778 0.56944 0.59722 0.61111 0.61111 0.61111 0.61111 0.63889 0.65278
3 0.23611 0.20833 0.20833 0.22222 0.23611 0.26389 0.25 0.22222 0.20833 0.19444 0.16667 0.15278
3 0.29167 0.29167 0.29167 0.26389 0.25 0.23611 0.22222 0.18056 0.16667 0.18056 0.19444 0.20833
3 0.26389 0.30556 0.33333 0.33333 0.30556 0.30556 0.27778 0.26389 0.25 0.26389 0.25 0.25 0.25
4 -0.40278 -0.41667 -0.43056 -0.44444 -0.45833 -0.44444 -0.43056 -0.41667 -0.41667 -0.40278
4 -0.45833 -0.48611 -0.48611 -0.5 -0.48611 -0.5 -0.48611 -0.5 -0.48611 -0.48611 -0.47222
4 -0.30556 -0.26389 -0.25 -0.23611 -0.23611 -0.22222 -0.19444 -0.16667 -0.125 -0.069444
5 0.22222 0.22222 0.18056 0.18056 0.16667 0.16667 0.15278 0.13889 0.15278 0.13889 0.15278
5 0.20833 0.19444 0.19444 0.19444 0.18056 0.16667 0.13889 0.15278 0.13889 0.15278 0.16667
5 0.22222 0.20833 0.20833 0.22222 0.19444 0.18056 0.18056 0.16667 0.13889 0.11111 0.097222
6 0.18056 0.16667 0.13889 0.083333 0.013889 -0.027778 0 0.041667 0.041667 -0.013889 -0.055556
6 0.097222 0.055556 0.041667 0 1.3333e-009 -6.6667e-010 -0.027778 -0.18056 -0.38889 -0.52778
6 0.097222 0.125 0.15278 0.097222 0.055556 -0.027778 -0.125 -0.26389 -0.41667 -0.54167 -0.61111
7 0.45833 0.65278 0.77778 0.84722 0.90278 0.93056 0.88889 0.77778 0.63889 0.70833 0.65278 0.55556
7 0.45833 0.56944 0.73611 0.80556 0.79167 0.90278 0.94444 0.95833 0.88889 0.69444 0.59722 0.51389
7 0.34722 0.34722 0.45833 0.47222 0.55556 0.59722 0.59722 0.61111 0.63889 0.69444 0.79167 0.875
8 0.22222 0.19444 0.16667 0.13889 0.097222 0.083333 0.069444 0.027778 -0.041667 -0.18056
8 -0.15278 -0.055556 0.027778 0.097222 0.13889 0.13889 0.16667 0.23611 0.33333 0.43056
8 -0.65278 -0.59722 -0.54167 -0.5 -0.48611 -0.47222 -0.41667 -0.36111 -0.25 -0.13889 3.3333e-008
9 0.15278 0.18056 0.22222 0.25 0.25 0.25 0.26389 0.27778 0.29167 0.30556 0.31944 0.34722 0.375
9 0.16667 0.22222 0.29167 0.30556 0.29167 0.22222 0.11111 0.069444 0.069444 0.083333 0.083333
9 0.29167 0.26389 0.20833 0.13889 0.125 0.15278 0.15278 0.18056 0.19444 0.22222 0.25 0.29167
10 0.54167 0.625 0.65278 0.77778 0.79167 0.79167 0.80556 0.83333 0.84722 0.83333 0.81944 0.76389
10 0.69444 0.70833 0.72222 0.75 0.76389 0.77778 0.81944 0.83333 0.80556 0.84722 0.65278 0.72222
10 0.58333 0.58333 0.70833 0.79167 0.86111 0.90278 0.90278 0.86111 0.84722 0.83333 0.80556
11 0.055556 0.069444 0.069444 0.055556 0.041667 -0.013889 -0.083333 -0.19444 -0.27778
11 0.27778 0.25 0.23611 0.18056 0.13889 0.13889 0.15278 0.16667 0.125 0.083333 0.013889
11 0.18056 0.15278 0.11111 0.097222 0.11111 0.125 0.13889 0.15278 0.18056 0.18056 0.15278
12 0.45833 0.44444 0.43056 0.47222 0.51389 0.59722 0.65278 0.72222 0.75 0.76389 0.76389
12 0.59722 0.625 0.65278 0.72222 0.73611 0.76389 0.79167 0.81944 0.80556 0.79167 0.79167
12 0.5 0.52778 0.55556 0.61111 0.72222 0.76389 0.76389 0.75 0.75 0.72222 0.68056 0.63889
