1 0.34722 0.33333 0.30556 0.29167 0.29167 0.25 0.23611 0.20833 0.19444 0.20833 0.19444 0.18056 0.15278 0.13889 0.125 0.15278 0.23611 0.26389 0.30556 0.36111 0.40278 0.44444 0.45833 0.48611 0.5 0.51389 0.52778 0.55556 0.59722 0.61111 0.63889 0.63889
1 0.30556 0.29167 0.29167 0.26389 0.29167 0.26389 0.22222 0.20833 0.18056 0.15278 0.18056 0.18056 0.13889 0.11111 0.083333 0.069444 0.083333 0.125 0.19444 0.22222 0.26389 0.30556 0.36111 0.375 0.40278 0.43056 0.5 0.54167 0.58333 0.61111 0.61111 0.59722 0.59722 0.59722 0.59722 0.56944
1 0.26389 0.25 0.23611 0.23611 0.20833 0.19444 0.18056 0.15278 0.125 0.13889 0.125 0.097222 0.069444 0.055556 0.083333 0.097222 0.097222 0.069444 0.041667 0.055556 0.20833 0.26389 0.31944 0.36111 0.38889 0.40278 0.38889 0.40278 0.44444 0.52778 0.58333 0.61111 0.625 0.61111 0.58333 0.54167 0.56944
2 0.40278 0.38889 0.40278 0.41667 0.43056 0.51389 0.52778 0.54167 0.55556 0.58333 0.61111 0.625 0.63889 0.63889 0.625 0.61111 0.59722 0.56944 0.47222 0.41667 0.38889 0.38889 0.375 0.33333 0.23611 0.19444 0.16667 0.18056 0.13889 0.125 0.083333 0.069444 0.083333 0.097222 0.125 0.11111 0.097222 0.083333 0.083333 0.097222 0.125 0.125 0.125
2 0.45833 0.45833 0.47222 0.48611 0.52778 0.55556 0.61111 0.63889 0.68056 0.70833 0.70833 0.72222 0.76389 0.72222 0.70833 0.70833 0.69444 0.65278 0.625 0.55556 0.45833 0.40278 0.33333 0.26389 0.18056 0.11111 0.097222 0.083333 0.083333 0.055556 0.041667 0 0.013889 0.027778 -2.3333e-008 -0.013889 -0.013889 0.027778 0.055556 0.083333 0.16667 0.18056 0.19444
2 0.45833 0.44444 0.48611 0.52778 0.56944 0.59722 0.61111 0.61111 0.61111 0.61111 0.63889 0.65278 0.66667 0.66667 0.625 0.63889 0.63889 0.61111 0.56944 0.54167 0.5 0.43056 0.33333 0.25 0.16667 0.13889 0.16667 0.19444 0.19444 0.18056 0.15278 0.13889 0.11111 0.097222 0.083333 0.097222 0.083333 0.083333 0.083333 0.097222 0.083333 0.097222 0.083333 0.11111 0.125 0.13889
3 0.23611 0.20833 0.20833 0.22222 0.23611 0.26389 0.25 0.22222 0.20833 0.19444 0.16667 0.15278 0.16667 0.20833 0.27778 0.29167 0.29167 0.29167 0.31944 0.33333 0.36111 0.375 0.38889 0.38889 0.41667 0.43056 0.43056 0.41667 0.40278 0.38889 0.34722 0.29167 0.26389 0.25 0.25 0.22222 0.18056 0.15278 0.15278 0.15278 0.36111 0.44444 0.54167 0.55556 0.61111 0.58333 0.56944 0.56944 0.61111 0.66667 0.69444 0.72222 0.72222 0.69444 0.66667 0.63889 0.59722 0.40278 0.36111 0.31944 0.29167 0.27778 0.27778 0.29167 0.29167 0.27778 0.27778 0.27778 0.27778 0.31944 0.36111 0.45833 0.47222 0.51389 0.51389 0.51389 0.51389 0.52778 0.52778 0.52778 0.54167 0.52778 0.51389 0.36111 0.23611 0.20833 0.19444 0.18056 0.16667 0.15278 0.15278 0.18056 0.19444
3 0.29167 0.29167 0.29167 0.26389 0.25 0.23611 0.22222 0.18056 0.16667 0.18056 0.19444 0.20833 0.25 0.27778 0.27778 0.29167 0.40278 0.45833 0.47222 0.51389 0.5 0.47222 0.44444 0.43056 0.41667 0.375 0.29167 0.20833 0.18056 0.16667 0.18056 0.19444 0.18056 0.18056 0.20833 0.27778 0.36111 0.38889 0.41667 0.44444 0.52778 0.56944 0.61111 0.63889 0.65278 0.65278 0.66667 0.65278 0.63889 0.63889 0.59722 0.56944 0.52778 0.5 0.48611 0.43056 0.38889 0.31944 0.29167 0.26389 0.23611 0.20833 0.19444 0.20833 0.23611 0.25 0.29167 0.31944 0.375 0.47222 0.48611 0.51389 0.47222 0.40278 0.44444 0.51389 0.56944 0.61111 0.51389 0.25 0.16667 0.11111 0.083333 0.11111 0.13889 0.16667 0.20833 0.22222
3 0.26389 0.30556 0.33333 0.33333 0.30556 0.30556 0.27778 0.26389 0.25 0.26389 0.25 0.25 0.25 0.22222 0.19444 0.18056 0.16667 0.16667 0.18056 0.22222 0.23611 0.25 0.26389 0.27778 0.30556 0.30556 0.31944 0.30556 0.31944 0.31944 0.34722 0.375 0.38889 0.41667 0.44444 0.45833 0.44444 0.36111 0.29167 0.30556 0.23611 0.23611 0.20833 0.22222 0.19444 0.18056 0.16667 0.15278 0.16667 0.19444 0.26389 0.40278 0.43056 0.48611 0.52778 0.45833 0.44444 0.47222 0.48611 0.5 0.51389 0.5 0.45833 0.47222 0.48611 0.5 0.48611 0.47222 0.47222 0.43056 0.34722 0.30556 0.26389 0.25 0.23611 0.19444 0.19444 0.16667 0.16667 0.19444 0.23611 0.30556 0.48611 0.5 0.5 0.5 0.47222 0.43056 0.36111 0.36111 0.40278 0.40278 0.43056 0.43056 0.40278 0.20833 0.15278 0.125 0.11111 0.15278 0.18056 0.19444 0.18056 0.19444 0.18056 0.16667 0.19444
4 -0.40278 -0.41667 -0.43056 -0.44444 -0.45833 -0.44444 -0.43056 -0.41667 -0.41667 -0.40278 -0.41667 -0.40278 -0.375 -0.34722 -0.31944 -0.27778 -0.22222 -0.18056 -0.013889 0.069444 0.15278 0.19444 0.20833 0.25 0.27778 0.34722 0.44444 0.51389 0.56944 0.58333 0.52778 0.44444 0.375 0.34722 0.34722 0.375 0.47222 0.54167 0.59722 0.54167 0.47222 0.375 0.26389 0.18056 0.097222 0.069444 0.069444 0.11111 0.083333 0.013889 -0.13889 -0.25 -0.34722 -0.41667 -0.51389 -0.56944 -0.56944 -0.51389 -0.40278 -0.30556 -0.29167 -0.34722 -0.45833 -0.54167 -0.55556 -0.55556 -0.47222 -0.38889 -0.34722 -0.33333 -0.33333 -0.33333 -0.30556 -0.29167 -0.26389 -0.26389 -0.26389 -0.26389 -0.26389 -0.25 -0.22222 -0.19444 -0.16667 -0.15278 -0.11111 -0.097222 -0.069444 -0.097222 -0.097222 -0.11111 -0.097222 -0.083333 -0.055556 -0.041667 -0.013889 0.013889 0.027778
4 -0.45833 -0.48611 -0.48611 -0.5 -0.48611 -0.5 -0.48611 -0.5 -0.48611 -0.48611 -0.47222 -0.41667 -0.375 -0.31944 -0.26389 -0.23611 -0.20833 -0.18056 -0.15278 -0.11111 -0.097222 -0.041667 0.055556 0.20833 0.40278 0.56944 0.69444 0.75 0.66667 0.55556 0.56944 0.79167 0.90278 0.93056 0.875 0.80556 0.70833 0.63889 0.59722 0.5 0.41667 0.29167 0.19444 0.027778 -0.15278 -0.375 -0.58333 -0.73611 -0.75 -0.68056 -0.63889 -0.58333 -0.58333 -0.58333 -0.59722 -0.63889 -0.61111 -0.61111 -0.61111 -0.59722 -0.56944 -0.52778 -0.44444 -0.38889 -0.34722 -0.36111 -0.34722 -0.31944 -0.29167 -0.27778 -0.26389 -0.23611 -0.19444 -0.13889 -0.125 -0.13889 -0.11111 -0.125 -0.11111 -0.097222 -0.083333 -0.083333 -0.055556 -0.041667 -0.027778
4 -0.30556 -0.26389 -0.25 -0.23611 -0.23611 -0.22222 -0.19444 -0.16667 -0.125 -0.069444 -0.027778 0.013889 0.055556 0.055556 0.083333 0.11111 0.13889 0.18056 0.23611 0.29167 0.34722 0.375 0.43056 0.43056 0.44444 0.43056 0.44444 0.47222 0.52778 0.55556 0.55556 0.54167 0.47222 0.36111 0.25 0.13889 0.013889 -0.055556 -0.15278 -0.27778 -0.45833 -0.65278 -0.83333 -0.94444 -1.0278 -1.1528 -1.2778 -1.3889 -1.4444 -1.25 -1.0972 -0.95833 -0.875 -0.73611 -0.70833 -0.72222 -0.69444 -0.56944 -0.44444
5 0.22222 0.22222 0.18056 0.18056 0.16667 0.16667 0.15278 0.13889 0.15278 0.13889 0.15278 0.125 0.13889 0.19444 0.25 0.26389 0.29167 0.33333 0.36111 0.38889 0.40278 0.38889 0.40278 0.41667 0.43056 0.44444 0.45833 0.45833 0.44444 0.43056 0.44444 0.43056 0.375 0.36111 0.33333 0.31944 0.31944 0.36111 0.36111 0.36111 0.31944 0.27778 0.23611 0.22222 0.25 0.29167 0.31944 0.27778 0.23611 0.20833 0.18056 0.18056 0.20833 0.19444 0.20833 0.19444 0.16667 0.16667 0.16667 0.18056 0.19444 0.18056 0.15278 0.11111 0.097222 0.097222 0.15278 0.19444 0.20833 0.22222 0.26389 0.29167 0.33333 0.34722 0.375 0.43056 0.48611 0.47222 0.48611 0.52778 0.58333 0.63889 0.65278 0.625 0.58333 0.48611 0.44444 0.43056 0.41667 0.375
5 0.20833 0.19444 0.19444 0.19444 0.18056 0.16667 0.13889 0.15278 0.13889 0.15278 0.16667 0.16667 0.20833 0.23611 0.25 0.27778 0.29167 0.31944 0.33333 0.375 0.38889 0.40278 0.41667 0.43056 0.44444 0.44444 0.45833 0.44444 0.43056 0.44444 0.45833 0.44444 0.45833 0.44444 0.43056 0.38889 0.41667 0.43056 0.375 0.34722 0.33333 0.30556 0.30556 0.30556 0.30556 0.29167 0.25 0.20833 0.18056 0.125 0.125 0.15278 0.13889 0.16667 0.18056 0.16667 0.15278 0.125 0.11111 0.125 0.097222 0.097222 0.13889 0.15278 0.13889 0.11111 0.083333 0.125 0.13889 0.13889 0.19444 0.23611 0.30556 0.34722 0.38889 0.40278 0.41667 0.43056 0.47222 0.51389 0.54167 0.56944 0.59722 0.61111 0.58333 0.56944 0.51389 0.45833 0.44444 0.40278 0.375 0.34722
5 0.22222 0.20833 0.20833 0.22222 0.19444 0.18056 0.18056 0.16667 0.13889 0.11111 0.097222 0.069444 0.083333 0.069444 0.097222 0.15278 0.097222 0.11111 0.19444 0.23611 0.29167 0.30556 0.31944 0.30556 0.29167 0.30556 0.34722 0.36111 0.40278 0.41667 0.45833 0.47222 0.47222 0.45833 0.44444 0.45833 0.5 0.5 0.5 0.5 0.48611 0.45833 0.44444 0.40278 0.40278 0.38889 0.34722 0.33333 0.31944 0.31944 0.30556 0.30556 0.33333 0.30556 0.26389 0.22222 0.19444 0.15278 0.125 0.11111 0.11111 0.13889 0.16667 0.15278 0.13889 0.069444 0.027778 -0.013889 -0.013889 0.027778 0.069444 0.097222 0.083333 0.069444 0.069444 0.083333 0.11111 0.18056 0.20833 0.20833 0.18056 0.18056 0.25 0.31944 0.36111 0.41667 0.44444 0.48611 0.56944 0.58333 0.55556 0.56944 0.56944 0.61111 0.61111 0.63889 0.625 0.61111 0.58333 0.5 0.43056 0.41667 0.40278 0.38889 0.36111
6 0.18056 0.16667 0.13889 0.083333 0.013889 -0.027778 0 0.041667 0.041667 -0.013889 -0.055556 -0.11111 -0.15278 -0.19444 -0.25 -0.31944 -0.36111 -0.43056 -0.47222 -0.48611 -0.44444 -0.41667 -0.38889 -0.23611 -0.097222 0.069444 0.23611 0.31944 0.375 0.63889 0.98611 1.25
6 0.097222 0.055556 0.041667 0 1.3333e-009 -6.6667e-010 -0.027778 -0.18056 -0.38889 -0.52778 -0.54167 -0.40278 -0.13889 0.16667 0.45833 0.625 0.65278 0.69444 0.77778 0.93056
6 0.097222 0.125 0.15278 0.097222 0.055556 -0.027778 -0.125 -0.26389 -0.41667 -0.54167 -0.61111 -0.61111 -0.55556 -0.43056 -0.29167 -0.18056 -0.11111 -0.055556 0.013889 0.083333 0.18056 0.375 0.65278 0.90278 1.1667 1.4028 1.4583 1.3472 1.125 0.86111 0.625 0.45833
7 0.45833 0.65278 0.77778 0.84722 0.90278 0.93056 0.88889 0.77778 0.63889 0.70833 0.65278 0.55556 0.44444 0.375 0.30556 0.20833 0.19444 0.16667 0.15278 0.125 0.097222 0.069444 0.041667 0.013889 -0.027778 -0.013889 -0.027778 -0.041667 -0.041667 -0.013889 -0.027778 -0.041667 -0.041667 -0.041667 -0.041667 -0.027778 -0.055556 -0.041667 -0.013889 0.013889 4e-009 0.013889 0.013889 0.027778 0.027778 0.055556 0.069444 0.097222
7 0.45833 0.56944 0.73611 0.80556 0.79167 0.90278 0.94444 0.95833 0.88889 0.69444 0.59722 0.51389 0.5 0.51389 0.45833 0.38889 0.29167 0.18056 0.11111 0.11111 0.097222 0.11111 0.083333 0.013889 -0.013889 0 0.027778 0.013889 -0.027778 -0.083333 -0.125 -0.125 -0.097222 -0.055556 -0.069444 -0.083333 -0.083333 -0.069444 -0.069444 -0.055556 -0.069444 -0.083333 -0.069444 -0.083333 -0.055556 -0.041667 -0.027778 -0.013889 0 0.027778 0.041667 0.041667 0.055556 0.041667 0.069444 0.083333 0.125
7 0.34722 0.34722 0.45833 0.47222 0.55556 0.59722 0.59722 0.61111 0.63889 0.69444 0.79167 0.875 0.98611 1.0417 1.1111 1.1528 1.1528 1.125 1.0833 1.0139 0.94444 0.90278 0.875 0.86111 0.81944 0.73611 0.63889 0.52778 0.43056 0.22222 0.20833 0.18056 0.125 0.069444 0.069444 0.097222 0.13889 0.15278 0.13889 0.11111 0.083333 0.069444 0.069444
8 0.22222 0.19444 0.16667 0.13889 0.097222 0.083333 0.069444 0.027778 -0.041667 -0.18056 -0.29167 -0.34722 -0.34722 -0.31944 -0.27778 -0.23611 -0.22222 -0.26389 -0.30556 -0.33333 -0.36111 -0.375 -0.375 -0.30556 -0.20833 -0.069444 0.013889 0.097222 0.125 0.13889 0.15278 0.20833 0.29167 0.38889 0.48611 0.58333 0.66667 0.75 0.81944 0.94444 1.0278 1.125 1.2083 1.2778 1.3472 1.4306 1.4722 1.4861 1.4306 1.375 1.3333 1.2639 1.1528 1.0833 0.98611 0.93056 0.86111 0.81944 0.73611 0.65278 0.58333 0.45833 0.34722 0.22222 0.13889 0.041667 -0.083333 -0.083333 -0.097222 -0.11111 -0.11111 -0.13889 -0.16667 -0.20833 -0.18056 -0.22222 -0.19444 -0.18056 -0.16667 -0.11111
8 -0.15278 -0.055556 0.027778 0.097222 0.13889 0.13889 0.16667 0.23611 0.33333 0.43056 0.65278 0.75 0.81944 0.875 1.0694 1.2361 1.4444 1.5694 1.6111 1.5556 1.4722 1.4167 1.4167 1.4444 1.4167 1.3472 1.25 1.1528 1.0556 0.97222 0.86111 0.79167 0.73611 0.68056 0.63889 0.59722 0.54167 0.47222 0.41667 0.33333 0.26389 0.15278 0.069444 -0.027778 -0.11111 -0.18056 -0.18056 -0.19444 -0.18056
8 -0.65278 -0.59722 -0.54167 -0.5 -0.48611 -0.47222 -0.41667 -0.36111 -0.25 -0.13889 3.3333e-008 0.11111 0.22222 0.26389 0.375 0.45833 0.54167 0.61111 0.68056 0.70833 0.76389 0.84722 0.95833 1.0278 1.1111 1.1667 1.2361 1.2778 1.3333 1.375 1.4444 1.5 1.5556 1.5694 1.5 1.3611 1.2361 1.0833 0.94444 0.81944 0.69444 0.59722 0.47222 0.33333 0.18056
9 0.15278 0.18056 0.22222 0.25 0.25 0.25 0.26389 0.27778 0.29167 0.30556 0.31944 0.34722 0.375 0.36111 0.36111 0.36111 0.36111 0.34722 0.34722 0.41667 0.45833 0.5 0.55556 0.59722 0.59722 0.59722 0.55556 0.51389 0.5 0.52778 0.54167 0.52778 0.5 0.47222 0.44444 0.44444 0.41667
9 0.16667 0.22222 0.29167 0.30556 0.29167 0.22222 0.11111 0.069444 0.069444 0.083333 0.083333 0.11111 0.18056 0.20833 0.23611 0.26389 0.29167 0.31944 0.33333 0.31944 0.31944 0.36111 0.38889 0.43056 0.44444 0.48611 0.5 0.52778 0.55556 0.56944 0.59722 0.58333 0.58333 0.56944 0.55556 0.55556 0.54167 0.54167 0.51389 0.51389 0.51389 0.51389 0.51389 0.52778 0.55556 0.58333 0.59722 0.61111 0.65278 0.69444 0.73611
9 0.29167 0.26389 0.20833 0.13889 0.125 0.15278 0.15278 0.18056 0.19444 0.22222 0.25 0.29167 0.31944 0.34722 0.38889 0.41667 0.43056 0.47222 0.48611 0.5 0.51389 0.51389 0.48611 0.47222 0.48611 0.48611 0.5 0.51389 0.51389 0.48611 0.5 0.5 0.5 0.51389 0.54167 0.54167 0.56944 0.58333 0.59722 0.625
10 0.54167 0.625 0.65278 0.77778 0.79167 0.79167 0.80556 0.83333 0.84722 0.83333 0.81944 0.76389 0.72222 0.55556 0.47222 0.43056 0.40278 0.36111 0.33333 0.31944 0.29167 0.18056 0.11111 0.069444 0.055556 0.041667 0.027778 0.013889 0.027778 -0.013889 -0.041667 -0.069444 -0.055556 -0.041667 -0.027778 -0.055556 -0.041667 -0.055556 -0.041667 -0.041667 -0.027778 -0.041667 -0.069444 -0.083333 -0.069444 -0.055556 -0.027778 -0.041667 -0.027778
10 0.69444 0.70833 0.72222 0.75 0.76389 0.77778 0.81944 0.83333 0.80556 0.84722 0.65278 0.72222 0.90278 0.84722 0.69444 0.58333 0.55556 0.51389 0.44444 0.41667 0.38889 0.29167 0.23611 0.20833 0.18056 0.16667 0.15278 0.11111 0.055556 0.013889 -0.013889 -0.013889 -0.041667 -0.027778 -0.027778 -0.027778 -0.013889 -0.027778 -0.055556 -0.041667 -0.013889 -1.3333e-009 -0.013889 -0.027778 -0.055556 -0.069444 -0.069444 -0.069444 -0.083333 -0.097222 -0.11111
10 0.58333 0.58333 0.70833 0.79167 0.86111 0.90278 0.90278 0.86111 0.84722 0.83333 0.80556 0.68056 0.68056 0.66667 0.65278 0.65278 0.61111 0.55556 0.48611 0.47222 0.45833 0.40278 0.33333 0.27778 0.19444 0.125 0.083333 0.097222 0.083333 0.055556 0.041667 0.013889 -3.3333e-009 -0.027778 -0.041667 -0.055556 -0.041667 -0.055556 -0.055556 -0.055556 -0.055556 -0.069444 -0.097222 -0.083333 -0.125 -0.11111 -0.125 -0.125 -0.13889 -0.13889 -0.125 -0.13889 -0.13889 -0.125 -0.125
11 0.055556 0.069444 0.069444 0.055556 0.041667 -0.013889 -0.083333 -0.19444 -0.27778 -0.31944 -0.30556 -0.26389 -0.20833 -0.18056 -0.13889 -0.125 -0.11111 -0.11111 -0.097222 -0.11111 -0.069444 -0.013889 0.055556 0.125 0.23611 0.34722 0.45833 0.54167 0.59722 0.61111 0.625 0.66667 0.72222 0.81944 0.90278 0.98611 1.0556 1.0833 1.0694 1.0278 0.95833 0.83333 0.75 0.66667 0.61111 0.56944 0.51389 0.47222 0.44444 0.375 0.36111 0.34722 0.36111 0.375 0.38889 0.40278 0.38889
11 0.27778 0.25 0.23611 0.18056 0.13889 0.13889 0.15278 0.16667 0.125 0.083333 0.013889 -0.013889 0 -0.013889 0.013889 0.055556 0.083333 0.097222 0.083333 0.11111 0.15278 0.20833 0.29167 0.31944 0.38889 0.43056 0.45833 0.43056 0.40278 0.41667 0.43056 0.44444 0.43056 0.27778 0.20833 0.20833 0.30556 0.36111 0.43056 0.45833 0.54167 0.59722 0.63889 0.69444 0.72222 0.76389 0.80556 0.86111 0.91667
11 0.18056 0.15278 0.11111 0.097222 0.11111 0.125 0.13889 0.15278 0.18056 0.18056 0.15278 0.11111 0.097222 0.083333 0.069444 0.083333 0.125 0.18056 0.20833 0.19444 0.20833 0.26389 0.30556 0.36111 0.38889 0.375 0.31944 0.29167 0.31944 0.375 0.38889 0.40278 0.43056 0.45833 0.51389 0.55556 0.61111 0.68056 0.76389 0.81944 0.875 0.90278 0.95833 1.0139 1.1667 1.2639
12 0.45833 0.44444 0.43056 0.47222 0.51389 0.59722 0.65278 0.72222 0.75 0.76389 0.76389 0.75 0.72222 0.69444 0.66667 0.65278 0.625 0.63889 0.625 0.52778 0.52778 0.54167 0.51389 0.51389 0.48611 0.45833 0.36111 0.31944 0.31944 0.30556 0.31944 0.27778 0.26389 0.19444 0.15278 0.13889 0.13889 0.125 0.15278 0.16667 0.18056 0.18056 0.11111 0.069444 0.041667 0.027778 -0.027778 -0.041667 -0.041667 -0.055556 -0.083333 -0.097222 -0.083333 -0.083333 -0.083333 -0.055556
12 0.59722 0.625 0.65278 0.72222 0.73611 0.76389 0.79167 0.81944 0.80556 0.79167 0.79167 0.75 0.70833 0.66667 0.625 0.59722 0.58333 0.56944 0.55556 0.52778 0.5 0.48611 0.44444 0.40278 0.38889 0.36111 0.31944 0.27778 0.25 0.22222 0.23611 0.20833 0.18056 0.15278 0.13889 0.125 0.13889 0.13889 0.15278 0.15278 0.16667 0.15278 0.11111 0.083333 0.069444 0.041667 0.013889 -0.013889 -0.027778
12 0.5 0.52778 0.55556 0.61111 0.72222 0.76389 0.76389 0.75 0.75 0.72222 0.68056 0.63889 0.61111 0.58333 0.55556 0.55556 0.5 0.48611 0.48611 0.47222 0.48611 0.45833 0.38889 0.38889 0.40278 0.36111 0.34722 0.19444 0.18056 0.20833 0.20833 0.19444 0.19444 0.18056 0.16667 0.16667 0.13889 0.125 0.125 0.13889 0.15278 0.16667 0.15278 0.13889 0.11111 0.083333 0.055556 0.027778 0.013889
